{
  "delays": [
    [
      0,
      1.9615622573571703,
      0.4828668089306232,
      1.50245537909146,
      3.128683832804362,
      2.0300732575422566,
      0.4818668089306232,
      1.913085660521747,
      2.372406423857718,
      2.9648200779335174,
      0.48236680893062317,
      3.659144695021351,
      0.3666251005828381,
      1.9615622573571703,
      0.4828668089306232,
      1.50245537909146,
      3.128683832804362,
      2.0300732575422566,
      0.4818668089306232,
      1.913085660521747
    ],
    [
      1.9615622573571703,
      0,
      1.3748492258590754,
      0.7769058837890626,
      2.1537408645217484,
      1.409006591796875,
      1.6407885265815547,
      1.0437167045316549,
      3.074605201141865,
      2.5634950037279567,
      1.247565932715499,
      2.8183856291594327,
      1.9615622573571703,
      0.3666251005828381,
      1.3748492258590754,
      0.7769058837890626,
      2.1537408645217484,
      1.409006591796875,
      1.6407885265815547,
      1.0437167045316549
    ],
    [
      0.4828668089306232,
      1.3748492258590754,
      0,
      1.5778194860055905,
      3.2814014091323656,
      2.1353856050114968,
      0.48236680893062317,
      2.5129398359183206,
      2.9300160932540895,
      2.9374528927108616,
      0.5221639796857014,
      3.4626837567003355,
      0.4828668089306232,
      1.3748492258590754,
      0.3666251005828381,
      1.5778194860055905,
      3.2814014091323656,
      2.1353856050114968,
      0.48236680893062317,
      2.5129398359183206
    ],
    [
      1.50245537909146,
      0.7769058837890626,
      1.5778194860055905,
      0,
      2.6583222528316046,
      0.8818441865922915,
      1.5413191445399497,
      0.7152481729043496,
      2.924945873905495,
      2.879421966068447,
      1.8282768041855795,
      3.2166266081436823,
      1.50245537909146,
      0.7769058837890626,
      1.5778194860055905,
      0.3666251005828381,
      2.6583222528316046,
      0.8818441865922915,
      1.5413191445399497,
      0.7152481729043496
    ],
    [
      3.128683832804362,
      2.1537408645217484,
      3.2814014091323656,
      2.6583222528316046,
      0,
      1.525281969007555,
      3.2052987977383984,
      1.4222587092153056,
      1.1868571140820618,
      0.7765216355596161,
      3.9735061531486098,
      2.6735013092851214,
      3.128683832804362,
      2.1537408645217484,
      3.2814014091323656,
      2.6583222528316046,
      0.3666251005828381,
      1.525281969007555,
      3.2052987977383984,
      1.4222587092153056
    ],
    [
      2.0300732575422566,
      1.409006591796875,
      2.1353856050114968,
      0.8818441865922915,
      1.525281969007555,
      0,
      2.614233601278105,
      0.6260474232226765,
      2.2845844054291216,
      2.3439031130736434,
      2.5129398359183206,
      2.5523470662434895,
      2.0300732575422566,
      1.409006591796875,
      2.1353856050114968,
      0.8818441865922915,
      1.525281969007555,
      0.3666251005828381,
      2.614233601278105,
      0.6260474232226765
    ],
    [
      0.4818668089306232,
      1.6407885265815547,
      0.48236680893062317,
      1.5413191445399497,
      3.2052987977383984,
      2.614233601278105,
      0,
      1.9499439996959207,
      2.341960059322528,
      3.0677617137675384,
      132.3144123449581,
      3.760072409605369,
      0.4818668089306232,
      1.6407885265815547,
      0.48236680893062317,
      1.5413191445399497,
      3.2052987977383984,
      2.614233601278105,
      0.3666251005828381,
      1.9499439996959207
    ],
    [
      1.913085660521747,
      1.0437167045316549,
      2.5129398359183206,
      0.7152481729043496,
      1.4222587092153056,
      0.6260474232226765,
      1.9499439996959207,
      0,
      2.2903301669034093,
      1.7498227641320352,
      1.8852738387886137,
      2.5513470662434896,
      1.913085660521747,
      1.0437167045316549,
      2.5129398359183206,
      0.7152481729043496,
      1.4222587092153056,
      0.6260474232226765,
      1.9499439996959207,
      0.3666251005828381
    ],
    [
      2.372406423857718,
      3.074605201141865,
      2.9300160932540895,
      2.924945873905495,
      1.1868571140820618,
      2.2845844054291216,
      2.341960059322528,
      2.2903301669034093,
      0,
      0.8781342168623645,
      2.427230723340224,
      1.447187081759093,
      2.372406423857718,
      3.074605201141865,
      2.9300160932540895,
      2.924945873905495,
      1.1868571140820618,
      2.2845844054291216,
      2.341960059322528,
      2.2903301669034093
    ],
    [
      2.9648200779335174,
      2.5634950037279567,
      2.9374528927108616,
      2.879421966068447,
      0.7765216355596161,
      2.3439031130736434,
      3.0677617137675384,
      1.7498227641320352,
      0.8781342168623645,
      0,
      3.9472608712427624,
      1.9053816741233647,
      2.9648200779335174,
      2.5634950037279567,
      2.9374528927108616,
      2.879421966068447,
      0.7765216355596161,
      2.3439031130736434,
      3.0677617137675384,
      1.7498227641320352
    ],
    [
      0.48236680893062317,
      1.247565932715499,
      0.5221639796857014,
      1.8282768041855795,
      3.9735061531486098,
      2.5129398359183206,
      132.3144123449581,
      1.8852738387886137,
      2.427230723340224,
      3.9472608712427624,
      0,
      3.8066967266132306,
      0.48236680893062317,
      1.247565932715499,
      0.5221639796857014,
      1.8282768041855795,
      3.9735061531486098,
      2.5129398359183206,
      132.3144123449581,
      1.8852738387886137
    ],
    [
      3.659144695021351,
      2.8183856291594327,
      3.4626837567003355,
      3.2166266081436823,
      2.6735013092851214,
      2.5523470662434895,
      3.760072409605369,
      2.5513470662434896,
      1.447187081759093,
      1.9053816741233647,
      3.8066967266132306,
      0,
      3.659144695021351,
      2.8183856291594327,
      3.4626837567003355,
      3.2166266081436823,
      2.6735013092851214,
      2.5523470662434895,
      3.760072409605369,
      2.5513470662434896
    ],
    [
      0.3666251005828381,
      1.9615622573571703,
      0.4828668089306232,
      1.50245537909146,
      3.128683832804362,
      2.0300732575422566,
      0.4818668089306232,
      1.913085660521747,
      2.372406423857718,
      2.9648200779335174,
      0.48236680893062317,
      3.659144695021351,
      0,
      1.9615622573571703,
      0.4828668089306232,
      1.50245537909146,
      3.128683832804362,
      2.0300732575422566,
      0.4818668089306232,
      1.913085660521747
    ],
    [
      1.9615622573571703,
      0.3666251005828381,
      1.3748492258590754,
      0.7769058837890626,
      2.1537408645217484,
      1.409006591796875,
      1.6407885265815547,
      1.0437167045316549,
      3.074605201141865,
      2.5634950037279567,
      1.247565932715499,
      2.8183856291594327,
      1.9615622573571703,
      0,
      1.3748492258590754,
      0.7769058837890626,
      2.1537408645217484,
      1.409006591796875,
      1.6407885265815547,
      1.0437167045316549
    ],
    [
      0.4828668089306232,
      1.3748492258590754,
      0.3666251005828381,
      1.5778194860055905,
      3.2814014091323656,
      2.1353856050114968,
      0.48236680893062317,
      2.5129398359183206,
      2.9300160932540895,
      2.9374528927108616,
      0.5221639796857014,
      3.4626837567003355,
      0.4828668089306232,
      1.3748492258590754,
      0,
      1.5778194860055905,
      3.2814014091323656,
      2.1353856050114968,
      0.48236680893062317,
      2.5129398359183206
    ],
    [
      1.50245537909146,
      0.7769058837890626,
      1.5778194860055905,
      0.3666251005828381,
      2.6583222528316046,
      0.8818441865922915,
      1.5413191445399497,
      0.7152481729043496,
      2.924945873905495,
      2.879421966068447,
      1.8282768041855795,
      3.2166266081436823,
      1.50245537909146,
      0.7769058837890626,
      1.5778194860055905,
      0,
      2.6583222528316046,
      0.8818441865922915,
      1.5413191445399497,
      0.7152481729043496
    ],
    [
      3.128683832804362,
      2.1537408645217484,
      3.2814014091323656,
      2.6583222528316046,
      0.3666251005828381,
      1.525281969007555,
      3.2052987977383984,
      1.4222587092153056,
      1.1868571140820618,
      0.7765216355596161,
      3.9735061531486098,
      2.6735013092851214,
      3.128683832804362,
      2.1537408645217484,
      3.2814014091323656,
      2.6583222528316046,
      0,
      1.525281969007555,
      3.2052987977383984,
      1.4222587092153056
    ],
    [
      2.0300732575422566,
      1.409006591796875,
      2.1353856050114968,
      0.8818441865922915,
      1.525281969007555,
      0.3666251005828381,
      2.614233601278105,
      0.6260474232226765,
      2.2845844054291216,
      2.3439031130736434,
      2.5129398359183206,
      2.5523470662434895,
      2.0300732575422566,
      1.409006591796875,
      2.1353856050114968,
      0.8818441865922915,
      1.525281969007555,
      0,
      2.614233601278105,
      0.6260474232226765
    ],
    [
      0.4818668089306232,
      1.6407885265815547,
      0.48236680893062317,
      1.5413191445399497,
      3.2052987977383984,
      2.614233601278105,
      0.3666251005828381,
      1.9499439996959207,
      2.341960059322528,
      3.0677617137675384,
      132.3144123449581,
      3.760072409605369,
      0.4818668089306232,
      1.6407885265815547,
      0.48236680893062317,
      1.5413191445399497,
      3.2052987977383984,
      2.614233601278105,
      0,
      1.9499439996959207
    ],
    [
      1.913085660521747,
      1.0437167045316549,
      2.5129398359183206,
      0.7152481729043496,
      1.4222587092153056,
      0.6260474232226765,
      1.9499439996959207,
      0.3666251005828381,
      2.2903301669034093,
      1.7498227641320352,
      1.8852738387886137,
      2.5513470662434896,
      1.913085660521747,
      1.0437167045316549,
      2.5129398359183206,
      0.7152481729043496,
      1.4222587092153056,
      0.6260474232226765,
      1.9499439996959207,
      0
    ]
  ],
  "memory": 3,
  "partitions": [
    [
      0,
      3,
      4,
      10,
      11
    ],
    [
      15,
      8,
      14
    ],
    [
      1,
      9,
      6
    ],
    [
      16,
      12,
      13
    ],
    [
      5,
      18,
      7
    ],
    [
      17,
      2,
      19
    ]
  ],
  "GCMAscore": 21.590300540879163,
  "locations": [
    "Belgium",
    "Canada",
    "Germany",
    "Iowa",
    "Japan",
    "LA",
    "NL",
    "Oregon",
    "Singapore",
    "Taiwan",
    "London",
    "Australia",
    "Belgium",
    "Canada",
    "Germany",
    "Iowa",
    "Japan",
    "LA",
    "NL",
    "Oregon"
  ],
  "baseline-sends": 10.0,
  "ours-sends": 6,
  "baseline-expected-time": 79.93971963540922,
  "ca-processing-order": {
    "0": [
      [
        0,
        0.0
      ],
      [
        0,
        6.78388013294576
      ],
      [
        0,
        13.89776026589152
      ]
    ],
    "6": [
      [
        0,
        0.9218668089306232
      ],
      [
        0,
        12.755893456960896
      ]
    ],
    "12": [
      [
        0,
        1.8437336178612465
      ],
      [
        0,
        11.614026648030272
      ]
    ],
    "5": [
      [
        0,
        4.313806875403503
      ],
      [
        0,
        8.923953390488016
      ]
    ],
    "3": [
      [
        1,
        0.0
      ],
      [
        1,
        5.728130540059001
      ],
      [
        1,
        11.786261080118004
      ]
    ],
    "14": [
      [
        1,
        2.0178194860055907
      ],
      [
        1,
        9.548441594112413
      ]
    ],
    "2": [
      [
        1,
        2.8244445865884287
      ],
      [
        1,
        8.521816493529574
      ]
    ],
    "18": [
      [
        1,
        3.746811395519052
      ],
      [
        1,
        7.379449684598951
      ]
    ],
    "4": [
      [
        2,
        0.0
      ],
      [
        2,
        6.828153630430466
      ],
      [
        2,
        13.986307260860933
      ]
    ],
    "1": [
      [
        2,
        2.5937408645217483
      ],
      [
        2,
        11.172566396339185
      ]
    ],
    "15": [
      [
        2,
        3.810646748310811
      ],
      [
        2,
        9.735660512550123
      ]
    ],
    "19": [
      [
        2,
        4.965894921215161
      ],
      [
        2,
        8.360412339645773
      ]
    ],
    "10": [
      [
        3,
        0.0
      ],
      [
        3,
        6.927893786523665
      ],
      [
        3,
        14.18578757304733
      ]
    ],
    "13": [
      [
        3,
        1.687565932715499
      ],
      [
        3,
        12.27822164033183
      ]
    ],
    "17": [
      [
        3,
        3.5365725245123745
      ],
      [
        3,
        10.209215048534956
      ]
    ],
    "7": [
      [
        3,
        4.602619947735051
      ],
      [
        3,
        8.92316762531228
      ]
    ],
    "11": [
      [
        4,
        0.0
      ],
      [
        4,
        7.075947505524136
      ],
      [
        4,
        14.481895011048273
      ]
    ],
    "8": [
      [
        4,
        1.887187081759093
      ],
      [
        4,
        12.37470792928918
      ]
    ],
    "16": [
      [
        4,
        3.514044195841155
      ],
      [
        4,
        10.527850815207117
      ]
    ],
    "9": [
      [
        4,
        4.730565831400771
      ],
      [
        4,
        9.0913291796475
      ]
    ]
  },
  "ca-expected-time": 33.31379002209655,
  "ca-mb-per-node": {
    "0": 6,
    "1": 0,
    "2": 0,
    "3": 6,
    "4": 6,
    "5": 0,
    "6": 0,
    "7": 0,
    "8": 0,
    "9": 0,
    "10": 6,
    "11": 6,
    "12": 0,
    "13": 0,
    "14": 0,
    "15": 0,
    "16": 0,
    "17": 0,
    "18": 0,
    "19": 0
  },
  "ca-paths": {
    "0": {
      "0": 6,
      "6": 12,
      "12": 5
    },
    "1": {
      "3": 14,
      "14": 2,
      "2": 18
    },
    "2": {
      "4": 1,
      "1": 15,
      "15": 19
    },
    "3": {
      "10": 13,
      "13": 17,
      "17": 7
    },
    "4": {
      "11": 8,
      "8": 16,
      "16": 9
    }
  },
  "non-ca-processing-order": {
    "0": [
      [
        0,
        0.0
      ],
      [
        1,
        0.44
      ],
      [
        2,
        0.88
      ],
      [
        0,
        6.695831441869519
      ],
      [
        1,
        7.63708977051537
      ],
      [
        2,
        8.132798768333824
      ],
      [
        0,
        13.721662883739038
      ],
      [
        1,
        15.16417954103074
      ],
      [
        2,
        15.715597536667648
      ]
    ],
    "12": [
      [
        0,
        0.8066251005828381
      ],
      [
        3,
        1.94245537909146
      ],
      [
        4,
        3.380686294936214
      ],
      [
        4,
        9.152058884808643
      ],
      [
        3,
        9.776561586825133
      ],
      [
        0,
        12.695037783156199
      ]
    ],
    "5": [
      [
        0,
        3.2766983581250946
      ],
      [
        9,
        4.343197625095213
      ],
      [
        7,
        4.860166439423896
      ],
      [
        9,
        9.919077296931855
      ],
      [
        0,
        10.004964525613943
      ],
      [
        7,
        10.293980578604684
      ]
    ],
    "19": [
      [
        1,
        4.325278961888825
      ],
      [
        0,
        4.342745781347771
      ],
      [
        11,
        5.154474788312245
      ],
      [
        0,
        8.718917102391266
      ],
      [
        11,
        9.475022465889474
      ],
      [
        1,
        10.838900579141914
      ]
    ],
    "1": [
      [
        9,
        1.687565932715499
      ],
      [
        10,
        2.127565932715499
      ],
      [
        1,
        2.8415622573571704
      ],
      [
        1,
        12.542617283673568
      ],
      [
        9,
        13.014708989311568
      ],
      [
        10,
        13.035206972986852
      ]
    ],
    "18": [
      [
        2,
        2.6084919095134613
      ],
      [
        11,
        2.764530788616325
      ],
      [
        1,
        6.715222961584747
      ],
      [
        1,
        8.228956579445994
      ],
      [
        11,
        12.084966465585394
      ],
      [
        2,
        13.547105627154185
      ]
    ],
    "6": [
      [
        2,
        1.8018668089306233
      ],
      [
        5,
        2.8613191445399497
      ],
      [
        3,
        2.8643221880220833
      ],
      [
        3,
        8.63469477789451
      ],
      [
        5,
        10.879562981697472
      ],
      [
        2,
        14.573730727737024
      ]
    ],
    "17": [
      [
        9,
        3.5365725245123745
      ],
      [
        2,
        5.662725510791566
      ],
      [
        7,
        5.666791540006734
      ],
      [
        7,
        9.267355478021845
      ],
      [
        2,
        10.27287202587608
      ],
      [
        9,
        10.945702397514694
      ]
    ],
    "3": [
      [
        3,
        0.0
      ],
      [
        4,
        0.44
      ],
      [
        5,
        0.88
      ],
      [
        3,
        5.804508482958297
      ],
      [
        4,
        6.321372589872428
      ],
      [
        5,
        6.815441063118712
      ],
      [
        3,
        11.939016965916593
      ],
      [
        4,
        12.532745179744857
      ],
      [
        5,
        13.080882126237421
      ]
    ],
    "2": [
      [
        3,
        3.7866889969527064
      ],
      [
        4,
        4.303553103866837
      ],
      [
        10,
        6.564222473165475
      ],
      [
        3,
        7.492327968963887
      ],
      [
        4,
        8.009192075878019
      ],
      [
        10,
        8.158550432536877
      ]
    ],
    "14": [
      [
        11,
        1.8421639796857014
      ],
      [
        4,
        2.4578194860055906
      ],
      [
        5,
        3.783685953470573
      ],
      [
        5,
        9.737196172766849
      ],
      [
        4,
        10.294925693739266
      ],
      [
        11,
        13.227333274516017
      ]
    ],
    "13": [
      [
        6,
        4.315228136620667
      ],
      [
        8,
        5.195228136620668
      ],
      [
        5,
        5.598535179329649
      ],
      [
        5,
        7.702346946907775
      ],
      [
        6,
        10.89717896411459
      ],
      [
        8,
        11.77717896411459
      ]
    ],
    "4": [
      [
        6,
        0.0
      ],
      [
        7,
        0.44
      ],
      [
        8,
        0.88
      ],
      [
        7,
        7.6320735090142895
      ],
      [
        6,
        7.661203550367628
      ],
      [
        8,
        8.54120355036763
      ],
      [
        7,
        15.15414701802858
      ],
      [
        6,
        15.652407100735257
      ],
      [
        8,
        16.532407100735256
      ]
    ],
    "15": [
      [
        6,
        3.0983222528316046
      ],
      [
        7,
        3.5383222528316045
      ],
      [
        8,
        3.978322252831605
      ],
      [
        7,
        11.835824765196975
      ],
      [
        6,
        12.334084847903652
      ],
      [
        8,
        13.214084847903653
      ]
    ],
    "7": [
      [
        10,
        3.611282637247154
      ],
      [
        6,
        5.798944841152323
      ],
      [
        8,
        6.678944841152323
      ],
      [
        6,
        9.193462259582935
      ],
      [
        8,
        10.073462259582936
      ],
      [
        10,
        11.331490268455198
      ]
    ],
    "10": [
      [
        9,
        0.0
      ],
      [
        10,
        0.44
      ],
      [
        11,
        0.88
      ],
      [
        9,
        7.296137461013534
      ],
      [
        11,
        7.479748627100859
      ],
      [
        10,
        7.526386452851177
      ],
      [
        11,
        14.409497254201717
      ],
      [
        9,
        14.922274922027068
      ],
      [
        10,
        14.942772905702352
      ]
    ],
    "11": [
      [
        12,
        0.0
      ],
      [
        13,
        0.44
      ],
      [
        14,
        0.88
      ],
      [
        12,
        7.075947505524136
      ],
      [
        13,
        7.515947505524136
      ],
      [
        14,
        7.955947505524136
      ],
      [
        12,
        14.481895011048273
      ],
      [
        13,
        14.921895011048274
      ],
      [
        14,
        15.361895011048272
      ]
    ],
    "8": [
      [
        12,
        1.887187081759093
      ],
      [
        13,
        2.327187081759093
      ],
      [
        14,
        2.767187081759093
      ],
      [
        12,
        12.37470792928918
      ],
      [
        13,
        12.814707929289181
      ],
      [
        14,
        13.254707929289179
      ]
    ],
    "16": [
      [
        12,
        3.514044195841155
      ],
      [
        13,
        3.954044195841155
      ],
      [
        14,
        4.394044195841155
      ],
      [
        12,
        10.527850815207117
      ],
      [
        13,
        10.967850815207118
      ],
      [
        14,
        11.407850815207118
      ]
    ],
    "9": [
      [
        12,
        4.730565831400771
      ],
      [
        13,
        5.170565831400771
      ],
      [
        14,
        5.610565831400772
      ],
      [
        12,
        9.0913291796475
      ],
      [
        13,
        9.531329179647502
      ],
      [
        14,
        9.971329179647501
      ]
    ]
  },
  "nonca-expected-time": 35.43481420147051,
  "non-ca-mb-per-node": {
    "0": 6,
    "1": 0,
    "2": 0,
    "3": 6,
    "4": 6,
    "5": 0,
    "6": 0,
    "7": 0,
    "8": 0,
    "9": 0,
    "10": 6,
    "11": 6,
    "12": 0,
    "13": 0,
    "14": 0,
    "15": 0,
    "16": 0,
    "17": 0,
    "18": 0,
    "19": 0
  },
  "non-ca-paths": {
    "0": {
      "0": 12,
      "12": 5,
      "5": 19
    },
    "1": {
      "0": 1,
      "1": 19,
      "19": 18
    },
    "2": {
      "0": 6,
      "6": 18,
      "18": 17
    },
    "3": {
      "3": 12,
      "12": 6,
      "6": 2
    },
    "4": {
      "3": 14,
      "14": 12,
      "12": 2
    },
    "5": {
      "3": 6,
      "6": 14,
      "14": 13
    },
    "6": {
      "4": 15,
      "15": 13,
      "13": 7
    },
    "7": {
      "4": 15,
      "15": 5,
      "5": 17
    },
    "8": {
      "4": 15,
      "15": 13,
      "13": 7
    },
    "9": {
      "10": 1,
      "1": 17,
      "17": 5
    },
    "10": {
      "10": 1,
      "1": 7,
      "7": 2
    },
    "11": {
      "10": 14,
      "14": 18,
      "18": 19
    },
    "12": {
      "11": 8,
      "8": 16,
      "16": 9
    },
    "13": {
      "11": 8,
      "8": 16,
      "16": 9
    },
    "14": {
      "11": 8,
      "8": 16,
      "16": 9
    }
  }
}